2
3
2.13
4
3.13
5
4.13
6
5.13
7
28.1
8
1.15
9
2.16
10
3.16
11
4.16
12
5.16
13
55.1
14
1.18
15
2.19
16
3.19
17
4.19
18
5.19
19
82.1
20
1.21
21
2.22
22
3.22
23
4.22
24
5.22
25
109.1
26
1.24
27
2.25
28
3.25
29
4.25
30
5.25
31
2.1
32
1.27
33
2.28
34
3.28
35
4.28
36
5.28
37
29.1
38
1.30
39
2.31
40
3.31
41
4.31
42
5.31
43
56.1
44
1.33
45
2.34
46
3.34
47
4.34
48
5.34
49
83.1
50
1.36
51
2.37
52
3.37
53
4.37
54
5.37
55
110.1
56
1.40|2.40|3.40|4.40|5.40
57
59
1.45
60
2.45
61
3.45
62
4.45
63
5.45
64
3.1
65
1.51
66
2.51
67
3.51
68
4.51
69
5.51
70
30.1
71
1.56
72
2.56
73
3.56
74
4.56
75
5.56
76
57.1
77
1.61
78
2.61
79
3.61
80
4.61
81
5.61
82
84.1
83
1.66
84
2.66
85
3.66
86
4.66
87
5.66
88
111.1
89
1.72
90
2.72
91
3.72
92
4.72
93
5.72
94
4.1
95
1.78
96
2.77
97
3.77
98
4.77
99
5.77
100
31.1
101
1.83
102
2.83
103
3.82
104
4.82
105
5.82
106
58.1
107
1.88
108
2.88
109
3.88
110
4.87
111
5.87
112
85.1
113
1.93
114
2.93
115
3.93
116
4.93
117
5.92
118
112.1
119
1.100|2.100|3.100|4.100|5.100
120
122
1.118
123
2.118
124
3.118
125
4.118
126
5.118
127
5.1
128
1.134
129
2.129
130
3.129
131
4.129
132
5.129
133
32.1
134
1.145
135
2.145
136
3.140
137
4.140
138
5.140
139
59.1
140
1.156
141
2.156
142
3.156
143
4.151
144
5.151
145
86.1
146
1.168
147
2.168
148
3.168
149
4.168
150
5.162
151
113.1
152
1.179
153
2.179
154
3.179
155
4.179
156
5.179
157
6.1
158
1.197
159
2.190
160
3.190
161
4.190
162
5.190
163
33.1
164
1.208
165
2.208
166
3.201
167
4.201
168
5.201
169
60.1
170
1.220
171
2.220
172
3.220
173
4.212
174
5.212
175
87.1
176
1.232
177
2.232
178
3.232
179
4.232
180
5.224
181
114.1
182
1.245
183
2.245
184
3.245
185
4.245
186
5.245
187
189
1.279
190
2.279
191
3.279
192
4.279
193
5.279
194
7.1
195
1.326
196
2.297
197
3.297
198
4.297
199
5.297
200
34.1
201
1.346
202
2.346
203
3.316
204
4.316
205
5.316
206
61.1
207
1.367
208
2.367
209
3.367
210
4.334
211
5.334
212
88.1
213
1.387
214
2.387
215
3.387
216
4.387
217
5.353
218
115.1
219
1.408
220
2.408
221
3.408
222
4.408
223
5.408
224
8.1
225
1.466
226
2.428
227
3.428
228
4.428
229
5.428
230
35.1
231
1.488
232
2.488
233
3.448
234
4.448
235
5.448
236
62.1
237
1.500|2.500|3.500|4.500|5.500
238
1.550|2.550|3.550|4.550|5.550
239